1.0 103 103 1 
 0.999 101 100 2 
 0.998 101 98 3 
 0.997 101 91 4 
 0.996 83 35 5 
 0.995 83 24 6 
 0.994 100 69 7 
 0.993 101 69 8 
 0.992 101 16 9 
 0.991 101 83 10 
 0.99 101 64 11 
 0.989 101 62 12 
 0.988 101 57 13 
 0.987 101 35 14 
 0.986 101 24 15 
 0.985 91 24 16 
 0.984 100 43 17 
 0.983 101 43 18 
 0.982 91 43 19 
 0.979 69 43 20 
 0.975 74 65 21 
 0.974 86 1 22 
 0.972 86 74 23 
 0.969 102 94 24 
 0.968 102 96 25 
 0.967 102 101 26 
 0.966 102 69 27 
 0.965 102 98 28 
 0.964 86 65 29 
 0.959 74 1 30 
 0.958 102 42 31 
 0.957 102 36 32 
 0.956 102 12 33 
 0.955 102 83 34 
 0.954 102 59 35 
 0.953 102 53 36 
 0.952 102 63 37 
 0.951 102 62 38 
 0.95 102 33 39 
 0.949 102 43 40 
 0.948 102 49 41 
 0.946 102 24 42 
 0.945 87 82 43 
 0.943 87 76 44 
 0.94 76 1 45 
 0.936 87 81 46 
 0.932 102 92 47 
 0.93 86 82 48 
 0.926 46 36 49 
 0.925 57 46 50 
 0.924 83 46 51 
 0.923 62 46 52 
 0.922 54 46 53 
 0.921 49 46 54 
 0.92 46 24 55 
 0.918 100 46 56 
 0.917 98 46 57 
 0.916 101 46 58 
 0.915 69 46 59 
 0.914 94 46 60 
 0.906 102 46 61 
 0.904 77 76 62 
 0.903 82 81 63 
 0.901 82 1 64 
 0.891 92 31 65 
 0.889 92 72 66 
 0.887 100 92 67 
 0.886 92 91 68 
 0.885 98 92 69 
 0.884 101 92 70 
 0.882 99 93 71 
 0.879 77 65 72 
 0.877 92 42 73 
 0.876 92 64 74 
 0.875 92 83 75 
 0.874 92 62 76 
 0.873 92 63 77 
 0.872 92 43 78 
 0.871 92 33 79 
 0.869 92 49 80 
 0.867 92 24 81 
 0.866 84 82 82 
 0.865 81 76 83 
 0.862 77 74 84 
 0.859 86 77 85 
 0.855 82 74 86 
 0.853 87 77 87 
 0.849 82 65 88 
 0.839 102 34 89 
 0.834 92 46 90 
 0.832 77 1 91 
 0.826 34 7 92 
 0.824 81 74 93 
 0.823 82 76 94 
 0.822 54 21 95 
 0.819 87 84 96 
 0.818 82 2 97 
 0.817 81 65 98 
 0.814 34 30 99 
 0.813 36 34 100 
 0.812 69 34 101 
 0.811 35 34 102 
 0.81 34 19 103 
 0.809 83 34 104 
 0.808 64 34 105 
 0.807 63 34 106 
 0.806 43 34 107 
 0.805 94 34 108 
 0.804 96 34 109 
 0.803 100 34 110 
 0.802 101 34 111 
 0.801 72 34 112 
 0.8 98 34 113 
 0.799 64 21 114 
 0.798 63 21 115 
 0.797 43 21 116 
 0.796 57 21 117 
 0.795 79 21 118 
 0.794 100 21 119 
 0.793 101 21 120 
 0.792 72 21 121 
 0.79 24 21 122 
 0.787 81 77 123 
 0.785 46 34 124 
 0.782 84 81 125 
 0.78 84 1 126 
 0.774 102 21 127 
 0.773 92 34 128 
 0.77 69 21 129 
 0.767 76 2 130 
 0.76 88 51 131 
 0.749 81 2 132 
 0.747 74 2 133 
 0.745 80 78 134 
 0.743 82 77 135 
 0.741 84 74 136 
 0.735 103 93 137 
 0.723 46 21 138 
 0.716 92 21 139 
 0.713 84 76 140 
 0.709 84 2 141 
 0.691 34 21 142 
 0.656 99 97 143 
 0.648 103 99 144 
 0.643 84 77 145 
 0.641 93 88 146 
 0.633 78 73 147 
 0.616 92 3 148 
 0.613 99 88 149 
 0.607 14 3 150 
 0.606 93 2 151 
 0.596 97 93 152 
 0.57 43 3 153 
 0.569 23 3 154 
 0.567 24 3 155 
 0.566 80 73 156 
 0.563 34 6 157 
 0.562 31 3 158 
 0.557 103 97 159 
 0.555 91 3 160 
 0.551 12 3 161 
 0.55 103 88 162 
 0.549 83 3 163 
 0.548 63 3 164 
 0.547 102 3 165 
 0.546 33 3 166 
 0.545 101 3 167 
 0.544 96 3 168 
 0.543 98 3 169 
 0.534 99 2 170 
 0.496 46 3 171 
 0.483 97 88 172 
 0.482 34 3 173 
 0.472 103 2 174 
 0.457 21 3 175 
 0.424 93 90 176 
 0.421 97 2 177 
 0.418 93 51 178 
 0.397 102 88 179 
 0.386 91 88 180 
 0.38 51 9 181 
 0.378 88 2 182 
 0.377 91 51 183 
 0.374 99 90 184 
 0.372 57 51 185 
 0.371 88 67 186 
 0.369 99 51 187 
 0.366 92 88 188 
 0.364 100 88 189 
 0.363 101 88 190 
 0.362 98 88 191 
 0.361 103 90 192 
 0.36 98 51 193 
 0.359 101 51 194 
 0.354 96 51 195 
 0.351 79 51 196 
 0.347 51 26 197 
 0.346 51 18 198 
 0.345 51 40 199 
 0.344 51 33 200 
 0.343 94 51 201 
 0.342 99 67 202 
 0.341 99 98 203 
 0.34 102 66 204 
 0.337 83 51 205 
 0.336 102 51 206 
 0.335 64 51 207 
 0.334 62 51 208 
 0.333 100 99 209 
 0.332 99 95 210 
 0.331 99 79 211 
 0.33 101 99 212 
 0.329 102 99 213 
 0.326 99 96 214 
 0.325 51 42 215 
 0.324 99 94 216 
 0.322 51 19 217 
 0.318 90 88 218 
 0.317 88 57 219 
 0.309 103 102 220 
 0.306 66 34 221 
 0.303 97 92 222 
 0.301 102 93 223 
 0.3 88 64 224 
 0.299 88 12 225 
 0.298 88 36 226 
 0.297 92 66 227 
 0.296 88 19 228 
 0.294 88 26 229 
 0.293 88 83 230 
 0.292 88 63 231 
 0.291 100 93 232 
 0.29 98 93 233 
 0.287 93 79 234 
 0.286 101 93 235 
 0.285 96 93 236 
 0.284 66 64 237 
 0.283 99 14 238 
 0.282 66 36 239 
 0.281 94 93 240 
 0.28 103 51 241 
 0.277 66 43 242 
 0.275 101 66 243 
 0.274 91 66 244 
 0.273 90 2 245 
 0.272 103 92 246 
 0.271 83 66 247 
 0.27 66 56 248 
 0.269 103 79 249 
 0.268 103 101 250 
 0.267 103 91 251 
 0.266 99 62 252 
 0.265 99 41 253 
 0.264 96 66 254 
 0.263 103 100 255 
 0.262 103 95 256 
 0.261 103 98 257 
 0.26 66 19 258 
 0.259 102 97 259 
 0.258 99 64 260 
 0.257 103 96 261 
 0.256 99 36 262 
 0.253 99 26 263 
 0.252 99 57 264 
 0.251 99 28 265 
 0.249 99 83 266 
 0.248 99 49 267 
 0.247 99 48 268 
 0.246 99 81 269 
 0.245 99 42 270 
 0.244 51 34 271 
 0.242 99 25 272 
 0.24 99 32 273 
 0.239 99 19 274 
 0.234 99 46 275 
 0.231 93 82 276 
 0.226 51 21 277 
 0.222 93 1 278 
 0.218 88 34 279 
 0.216 100 90 280 
 0.215 99 85 281 
 0.214 101 90 282 
 0.212 93 43 283 
 0.211 96 90 284 
 0.21 94 90 285 
 0.206 93 56 286 
 0.205 93 4 287 
 0.204 99 82 288 
 0.202 98 97 289 
 0.201 102 90 290 
 0.2 97 14 291 
 0.199 90 17 292 
 0.196 99 1 293 
 0.195 93 85 294 
 0.194 93 62 295 
 0.193 93 41 296 
 0.192 103 56 297 
 0.191 103 24 298 
 0.19 93 25 299 
 0.189 93 42 300 
 0.188 85 43 301 
 0.187 97 72 302 
 0.186 93 18 303 
 0.185 93 32 304 
 0.184 101 97 305 
 0.183 103 40 306 
 0.182 101 61 307 
 0.181 103 36 308 
 0.18 100 97 309 
 0.179 101 60 310 
 0.178 103 43 311 
 0.177 100 85 312 
 0.176 103 42 313 
 0.175 100 60 314 
 0.174 103 18 315 
 0.173 103 83 316 
 0.172 103 64 317 
 0.171 103 35 318 
 0.17 103 41 319 
 0.169 103 57 320 
 0.168 103 28 321 
 0.167 102 85 322 
 0.166 102 39 323 
 0.165 103 19 324 
 0.164 90 83 325 
 0.163 92 85 326 
 0.162 99 34 327 
 0.161 97 82 328 
 0.16 90 43 329 
 0.159 90 32 330 
 0.158 85 82 331 
 0.157 99 78 332 
 0.156 97 46 333 
 0.155 97 1 334 
 0.154 39 35 335 
 0.153 103 46 336 
 0.152 81 3 337 
 0.151 66 39 338 
 0.15 101 39 339 
 0.149 92 6 340 
 0.148 100 39 341 
 0.147 91 39 342 
 0.146 39 32 343 
 0.145 96 39 344 
 0.144 78 76 345 
 0.143 102 78 346 
 0.14 43 14 347 
 0.139 97 84 348 
 0.138 93 34 349 
 0.137 85 84 350 
 0.134 95 78 351 
 0.133 88 78 352 
 0.132 92 78 353 
 0.129 103 77 354 
 0.128 97 56 355 
 0.127 97 36 356 
 0.125 88 81 357 
 0.124 97 66 358 
 0.123 97 42 359 
 0.122 85 51 360 
 0.121 97 31 361 
 0.12 97 24 362 
 0.119 103 21 363 
 0.118 97 57 364 
 0.117 97 34 365 
 0.116 102 6 366 
 0.115 103 34 367 
 0.114 99 87 368 
 0.113 97 83 369 
 0.112 102 2 370 
 0.111 97 26 371 
 0.11 101 78 372 
 0.109 92 14 373 
 0.108 100 78 374 
 0.107 98 78 375 
 0.106 83 14 376 
 0.105 100 14 377 
 0.104 101 14 378 
 0.103 96 14 379 
 0.102 102 14 380 
 0.101 73 41 381 
 0.1 90 1 382 
 0.099 51 14 383 
 0.097 93 87 384 
 0.094 79 2 385 
 0.093 101 2 386 
 0.092 100 2 387 
 0.091 98 2 388 
 0.09 96 2 389 
 0.089 93 78 390 
 0.088 100 6 391 
 0.087 101 6 392 
 0.086 103 3 393 
 0.085 102 73 394 
 0.084 99 86 395 
 0.083 103 78 396 
 0.081 99 77 397 
 0.08 97 76 398 
 0.079 99 66 399 
 0.078 101 73 400 
 0.077 100 73 401 
 0.076 98 73 402 
 0.075 99 73 403 
 0.074 73 19 404 
 0.073 97 6 405 
 0.072 103 82 406 
 0.071 84 58 407 
 0.07 77 63 408 
 0.069 93 76 409 
 0.068 97 87 410 
 0.067 102 81 411 
 0.066 92 80 412 
 0.065 103 76 413 
 0.064 102 77 414 
 0.063 103 84 415 
 0.062 92 81 416 
 0.061 93 39 417 
 0.06 102 76 418 
 0.059 100 81 419 
 0.058 96 81 420 
 0.057 103 39 421 
 0.056 92 76 422 
 0.055 101 80 423 
 0.054 102 84 424 
 0.053 96 80 425 
 0.052 103 81 426 
 0.051 91 84 427 
 0.05 100 84 428 
 0.049 96 84 429 
 0.048 84 46 430 
 0.047 103 14 431 
 0.046 103 85 432 
 0.045 100 76 433 
 0.044 96 76 434 
 0.043 76 46 435 
 0.042 97 39 436 
 0.041 102 1 437 
 0.04 103 60 438 
 0.039 76 59 439 
 0.038 103 61 440 
 0.037 90 76 441 
 0.036 101 82 442 
 0.035 100 82 443 
 0.034 101 1 444 
 0.033 98 1 445 
 0.032 81 61 446 
 0.031 102 82 447 
 0.03 103 87 448 
 0.029 92 82 449 
 0.028 87 18 450 
 0.027 87 51 451 
 0.026 102 87 452 
 0.025 101 87 453 
 0.024 100 87 454 
 0.023 93 6 455 
 0.022 103 86 456 
 0.021 103 6 457 
 0.02 99 6 458 
 0.019 102 86 459 
 0.018 101 86 460 
 0.017 97 61 461 
 0.016 102 65 462 
 0.015 100 65 463 
 0.014 102 74 464 
 0.013 92 74 465 
 0.012 87 60 466 
 0.011 101 74 467 
 0.01 74 46 468 
 0.009 82 61 469 
 0.008 86 61 470 
 0.007 84 6 471 
 0.006 81 6 472 
 0.005 74 61 473 
 0.003 87 6 474 
 0.002 61 1 475 
 0.0 103 80 476 
 