1.0 103 103 1 
 0.5 101 79 2 
 0.41421 101 100 3 
 0.36603 101 98 4 
 0.33333 99 93 5 
 0.30902 83 35 6 
 0.2899 83 24 7 
 0.27429 100 69 8 
 0.2612 103 93 9 
 0.25 101 69 10 
 0.24025 100 64 11 
 0.23166 101 83 12 
 0.22401 103 99 13 
 0.21713 101 62 14 
 0.2109 101 26 15 
 0.20521 101 57 16 
 0.2 101 35 17 
 0.19519 103 75 18 
 0.19074 93 2 19 
 0.18661 103 88 20 
 0.18274 100 43 21 
 0.17913 103 97 22 
 0.17573 101 43 23 
 0.17254 103 78 24 
 0.16952 103 2 25 
 0.16667 99 66 26 
 0.16396 103 82 27 
 0.16139 69 43 28 
 0.15894 99 84 29 
 0.15661 75 2 30 
 0.15439 103 84 31 
 0.15226 99 81 32 
 0.14827 97 2 33 
 0.14639 97 80 34 
 0.14459 97 82 35 
 0.14286 93 85 36 
 0.14119 103 81 37 
 0.13958 99 85 38 
 0.13803 97 84 39 
 0.13653 93 90 40 
 0.13508 81 51 41 
 0.13368 88 81 42 
 0.13101 103 90 43 
 0.1285 97 81 44 
 0.1273 86 77 45 
 0.12613 99 77 46 
 0.125 90 75 47 
 0.1239 86 81 48 
 0.12283 90 88 49 
 0.12179 85 2 50 
 0.12077 97 85 51 
 0.11978 102 92 52 
 0.11788 90 51 53 
 0.11696 97 90 54 
 0.11607 90 82 55 
 0.11519 102 79 56 
 0.1135 102 91 57 
 0.11269 102 101 58 
 0.11111 85 77 59 
 0.11035 86 82 60 
 0.1096 102 94 61 
 0.10887 102 72 62 
 0.10815 102 100 63 
 0.10745 102 95 64 
 0.10676 82 74 65 
 0.10609 102 98 66 
 0.10478 87 80 67 
 0.10414 90 85 68 
 0.10352 102 96 69 
 0.1029 102 31 70 
 0.1023 102 83 71 
 0.10171 102 64 72 
 0.10113 102 36 73 
 0.10056 102 63 74 
 0.1 102 56 75 
 0.09945 103 87 76 
 0.09891 102 62 77 
 0.09838 84 76 78 
 0.09785 102 49 79 
 0.09734 102 4 80 
 0.09633 102 26 81 
 0.09584 102 57 82 
 0.09536 102 9 83 
 0.09488 97 87 84 
 0.09441 102 43 85 
 0.09395 102 19 86 
 0.09305 81 65 87 
 0.09261 102 18 88 
 0.09175 46 36 89 
 0.09133 46 35 90 
 0.09091 83 46 91 
 0.0905 64 46 92 
 0.09009 77 1 93 
 0.0897 54 46 94 
 0.0893 49 46 95 
 0.08891 46 4 96 
 0.08853 102 34 97 
 0.08815 46 18 98 
 0.08778 46 19 99 
 0.08741 100 46 100 
 0.08705 98 46 101 
 0.08669 101 46 102 
 0.08633 96 46 103 
 0.08598 94 46 104 
 0.08564 90 87 105 
 0.08271 80 74 106 
 0.0821 78 74 107 
 0.0818 86 75 108 
 0.0815 92 79 109 
 0.08121 92 31 110 
 0.08092 92 91 111 
 0.08063 101 92 112 
 0.08035 74 66 113 
 0.08007 86 78 114 
 0.07979 93 86 115 
 0.07952 100 92 116 
 0.07925 99 86 117 
 0.07898 94 92 118 
 0.07871 98 92 119 
 0.07845 103 74 120 
 0.07819 103 86 121 
 0.07793 99 74 122 
 0.07742 99 76 123 
 0.07717 96 92 124 
 0.07692 103 76 125 
 0.07668 102 21 126 
 0.07643 92 63 127 
 0.07619 92 62 128 
 0.07596 97 86 129 
 0.07572 102 46 130 
 0.07525 92 49 131 
 0.07503 92 26 132 
 0.0748 97 76 133 
 0.07457 92 9 134 
 0.07435 92 24 135 
 0.07413 92 43 136 
 0.07391 92 25 137 
 0.07264 92 19 138 
 0.07243 85 76 139 
 0.07202 92 18 140 
 0.07163 92 34 141 
 0.07104 90 86 142 
 0.07085 90 74 143 
 0.07009 90 76 144 
 0.06991 75 65 145 
 0.06955 80 65 146 
 0.06919 34 21 147 
 0.06883 78 65 148 
 0.06866 73 65 149 
 0.06764 93 65 150 
 0.06731 103 65 151 
 0.06699 99 65 152 
 0.06635 93 1 153 
 0.0662 88 65 154 
 0.06573 99 1 155 
 0.06558 34 12 156 
 0.06543 103 1 157 
 0.06528 97 65 158 
 0.06514 85 65 159 
 0.0647 75 1 160 
 0.06441 92 46 161 
 0.06413 97 1 162 
 0.06398 101 34 163 
 0.06385 91 34 164 
 0.06371 73 1 165 
 0.06357 78 1 166 
 0.06343 64 34 167 
 0.0633 69 34 168 
 0.06316 51 1 169 
 0.06303 62 34 170 
 0.06289 94 34 171 
 0.06276 49 34 172 
 0.06263 100 34 173 
 0.0625 101 21 174 
 0.06237 91 21 175 
 0.06224 72 34 176 
 0.06211 30 21 177 
 0.06199 98 34 178 
 0.06186 99 14 179 
 0.06173 48 21 180 
 0.06161 85 1 181 
 0.06148 81 14 182 
 0.06136 84 14 183 
 0.06124 100 21 184 
 0.06112 95 21 185 
 0.06099 21 4 186 
 0.06087 98 21 187 
 0.06075 34 19 188 
 0.06064 24 21 189 
 0.06052 26 21 190 
 0.06028 43 21 191 
 0.06017 57 21 192 
 0.06005 97 14 193 
 0.05994 85 14 194 
 0.05982 21 9 195 
 0.05971 96 21 196 
 0.05937 75 14 197 
 0.05904 21 19 198 
 0.05893 80 14 199 
 0.05882 51 14 200 
 0.05861 69 21 201 
 0.0584 103 14 202 
 0.05829 21 18 203 
 0.05787 66 21 204 
 0.05767 88 14 205 
 0.05757 51 21 206 
 0.05727 88 21 207 
 0.05707 46 34 208 
 0.05697 99 21 209 
 0.05658 93 21 210 
 0.05649 78 21 211 
 0.05639 66 34 212 
 0.0563 80 21 213 
 0.0562 103 21 214 
 0.05592 51 34 215 
 0.05547 88 34 216 
 0.05511 90 14 217 
 0.05502 97 21 218 
 0.05484 99 34 219 
 0.05476 102 88 220 
 0.05467 93 34 221 
 0.05458 90 21 222 
 0.05441 80 34 223 
 0.05433 103 34 224 
 0.05407 21 2 225 
 0.05374 97 34 226 
 0.05366 102 51 227 
 0.0535 102 99 228 
 0.05318 103 102 229 
 0.0531 102 66 230 
 0.05302 102 93 231 
 0.05286 90 34 232 
 0.05263 102 97 233 
 0.0524 34 2 234 
 0.0521 77 34 235 
 0.05203 46 21 236 
 0.05151 86 14 237 
 0.05144 102 78 238 
 0.05123 102 90 239 
 0.05116 87 21 240 
 0.05102 102 80 241 
 0.05095 102 73 242 
 0.05053 102 2 243 
 0.0504 102 84 244 
 0.0502 102 81 245 
 0.05007 92 88 246 
 0.04974 87 34 247 
 0.04961 102 77 248 
 0.04936 99 92 249 
 0.04929 97 92 250 
 0.04917 74 14 251 
 0.04886 93 92 252 
 0.04873 103 92 253 
 0.04867 92 66 254 
 0.04756 86 21 255 
 0.04751 92 78 256 
 0.04745 92 90 257 
 0.04739 76 21 258 
 0.04723 102 87 259 
 0.04717 92 80 260 
 0.04712 92 73 261 
 0.04679 92 77 262 
 0.04674 102 3 263 
 0.04668 92 84 264 
 0.04652 92 81 265 
 0.04642 86 34 266 
 0.04637 74 34 267 
 0.04632 65 14 268 
 0.04621 14 1 269 
 0.04502 65 21 270 
 0.04478 102 76 271 
 0.04473 34 3 272 
 0.04436 102 86 273 
 0.04432 102 74 274 
 0.04418 51 39 275 
 0.04414 92 87 276 
 0.04405 65 34 277 
 0.04387 66 39 278 
 0.04356 21 14 279 
 0.04352 78 39 280 
 0.04339 21 1 281 
 0.04335 75 39 282 
 0.04331 73 39 283 
 0.04322 93 39 284 
 0.04318 88 39 285 
 0.04314 103 39 286 
 0.04297 84 39 287 
 0.04289 23 3 288 
 0.04281 85 39 289 
 0.04273 77 39 290 
 0.04268 81 39 291 
 0.0426 97 39 292 
 0.04256 31 3 293 
 0.04252 91 3 294 
 0.0424 43 3 295 
 0.04232 39 2 296 
 0.04228 99 3 297 
 0.04221 102 65 298 
 0.04217 101 3 299 
 0.04213 92 76 300 
 0.04205 83 3 301 
 0.04201 59 3 302 
 0.04197 30 3 303 
 0.04193 64 3 304 
 0.0419 91 88 305 
 0.04186 90 39 306 
 0.04182 62 3 307 
 0.04178 101 88 308 
 0.04174 92 74 309 
 0.0417 100 3 310 
 0.04167 95 3 311 
 0.04163 91 51 312 
 0.04159 101 51 313 
 0.04155 66 3 314 
 0.04152 102 1 315 
 0.04148 81 3 316 
 0.04144 88 42 317 
 0.0414 99 79 318 
 0.04137 102 14 319 
 0.04133 28 3 320 
 0.04129 101 99 321 
 0.04126 78 3 322 
 0.04118 99 91 323 
 0.04115 96 3 324 
 0.04111 80 3 325 
 0.04108 103 3 326 
 0.041 66 12 327 
 0.04097 100 88 328 
 0.04093 88 67 329 
 0.0409 103 79 330 
 0.04086 101 93 331 
 0.04079 103 101 332 
 0.04075 93 91 333 
 0.04072 88 69 334 
 0.04068 103 91 335 
 0.04065 94 51 336 
 0.04061 101 66 337 
 0.04058 51 4 338 
 0.04054 93 42 339 
 0.04051 100 99 340 
 0.04048 103 42 341 
 0.04044 99 94 342 
 0.04041 99 98 343 
 0.04037 101 90 344 
 0.04034 88 48 345 
 0.0403 97 79 346 
 0.04027 99 69 347 
 0.04024 88 36 348 
 0.0402 101 97 349 
 0.04017 99 40 350 
 0.04013 99 32 351 
 0.0401 101 85 352 
 0.04007 99 56 353 
 0.04003 99 17 354 
 0.04 99 62 355 
 0.03997 103 100 356 
 0.03993 103 67 357 
 0.0399 99 48 358 
 0.03987 103 95 359 
 0.03983 99 35 360 
 0.0398 103 98 361 
 0.03977 93 40 362 
 0.03974 103 69 363 
 0.0397 95 66 364 
 0.03967 103 83 365 
 0.03964 103 40 366 
 0.03961 103 56 367 
 0.03957 103 63 368 
 0.03954 95 90 369 
 0.03951 103 64 370 
 0.03948 103 33 371 
 0.03945 101 2 372 
 0.03941 103 53 373 
 0.03938 103 48 374 
 0.03935 103 62 375 
 0.03932 103 35 376 
 0.03929 103 36 377 
 0.03925 90 63 378 
 0.03922 99 57 379 
 0.03919 99 9 380 
 0.03916 90 56 381 
 0.03913 97 83 382 
 0.0391 103 96 383 
 0.03907 99 28 384 
 0.03904 100 78 385 
 0.03901 101 77 386 
 0.03897 97 64 387 
 0.03894 97 33 388 
 0.03891 97 35 389 
 0.03888 100 73 390 
 0.03885 100 80 391 
 0.03882 97 62 392 
 0.03879 97 15 393 
 0.03876 103 26 394 
 0.03873 98 73 395 
 0.0387 103 43 396 
 0.03867 103 57 397 
 0.03864 103 9 398 
 0.03861 95 2 399 
 0.03858 97 96 400 
 0.03855 103 25 401 
 0.03852 103 28 402 
 0.03849 98 84 403 
 0.03846 95 81 404 
 0.03843 99 19 405 
 0.0384 98 81 406 
 0.03837 84 41 407 
 0.03834 90 43 408 
 0.03831 78 9 409 
 0.03829 100 77 410 
 0.03826 97 26 411 
 0.03823 99 18 412 
 0.0382 97 43 413 
 0.03817 88 46 414 
 0.03814 98 77 415 
 0.03811 97 25 416 
 0.03808 96 73 417 
 0.03805 96 80 418 
 0.03803 97 28 419 
 0.038 84 43 420 
 0.03797 103 19 421 
 0.03791 96 2 422 
 0.03788 84 9 423 
 0.03786 96 84 424 
 0.03783 101 87 425 
 0.0378 81 9 426 
 0.03777 103 18 427 
 0.03774 91 87 428 
 0.03771 85 18 429 
 0.03769 99 46 430 
 0.03766 78 19 431 
 0.03763 77 57 432 
 0.0376 77 9 433 
 0.03755 43 2 434 
 0.03752 96 77 435 
 0.03749 97 19 436 
 0.03747 78 18 437 
 0.03744 90 18 438 
 0.03741 87 83 439 
 0.03738 74 3 440 
 0.03736 93 46 441 
 0.03733 87 64 442 
 0.0373 97 18 443 
 0.03728 87 17 444 
 0.03725 87 33 445 
 0.03722 81 19 446 
 0.0372 103 46 447 
 0.03717 100 87 448 
 0.03714 87 62 449 
 0.03712 87 35 450 
 0.03709 95 87 451 
 0.03706 84 18 452 
 0.03704 98 87 453 
 0.03698 87 69 454 
 0.03696 78 46 455 
 0.03688 19 2 456 
 0.03683 73 46 457 
 0.0368 80 46 458 
 0.03667 90 46 459 
 0.03665 87 26 460 
 0.03662 84 46 461 
 0.0366 87 43 462 
 0.03657 87 57 463 
 0.03655 86 42 464 
 0.0365 102 39 465 
 0.03647 96 87 466 
 0.03644 87 28 467 
 0.03642 91 76 468 
 0.03639 86 79 469 
 0.03632 101 86 470 
 0.03625 101 74 471 
 0.03622 46 2 472 
 0.03617 91 74 473 
 0.0361 65 3 474 
 0.036 76 63 475 
 0.03598 87 19 476 
 0.03595 86 83 477 
 0.03593 76 33 478 
 0.0359 100 76 479 
 0.03588 95 76 480 
 0.03586 86 56 481 
 0.03583 86 17 482 
 0.03581 87 18 483 
 0.03579 98 76 484 
 0.03576 86 53 485 
 0.03574 100 86 486 
 0.03571 86 62 487 
 0.03569 86 35 488 
 0.03567 100 74 489 
 0.03564 95 74 490 
 0.03562 98 86 491 
 0.0356 74 72 492 
 0.03557 86 69 493 
 0.03555 98 74 494 
 0.0355 74 69 495 
 0.03537 87 46 496 
 0.03532 65 42 497 
 0.0353 76 43 498 
 0.03527 96 76 499 
 0.03525 74 43 500 
 0.03523 86 43 501 
 0.03521 86 57 502 
 0.03518 79 65 503 
 0.03516 76 9 504 
 0.03514 86 9 505 
 0.03512 101 65 506 
 0.03509 86 28 507 
 0.03505 96 74 508 
 0.03503 101 14 509 
 0.03496 91 14 510 
 0.03481 65 59 511 
 0.03478 83 65 512 
 0.03476 65 63 513 
 0.03474 83 14 514 
 0.03472 101 1 515 
 0.0347 76 19 516 
 0.03468 86 19 517 
 0.03465 91 1 518 
 0.03463 65 15 519 
 0.03461 74 19 520 
 0.03459 100 65 521 
 0.03457 65 62 522 
 0.03455 100 14 523 
 0.03453 95 65 524 
 0.0345 94 14 525 
 0.03448 98 65 526 
 0.03444 98 14 527 
 0.03442 74 18 528 
 0.0344 69 14 529 
 0.03427 76 46 530 
 0.03421 100 1 531 
 0.03417 65 26 532 
 0.03415 95 1 533 
 0.03413 86 46 534 
 0.03411 98 1 535 
 0.03409 65 43 536 
 0.03407 74 46 537 
 0.03405 65 9 538 
 0.03403 96 65 539 
 0.034 65 28 540 
 0.03398 96 14 541 
 0.03396 63 1 542 
 0.03394 56 1 543 
 0.03392 64 1 544 
 0.0339 33 1 545 
 0.03386 53 1 546 
 0.03384 48 1 547 
 0.03382 62 1 548 
 0.0338 35 1 549 
 0.03374 36 1 550 
 0.03366 96 1 551 
 0.03362 65 19 552 
 0.03359 19 14 553 
 0.03349 18 14 554 
 0.03345 65 18 555 
 0.03341 43 1 556 
 0.03339 57 1 557 
 0.03333 9 1 558 
 0.03331 25 1 559 
 0.0333 28 1 560 
 0.03312 65 46 561 
 0.03309 46 14 562 
 0.03294 19 1 563 
 0.03285 34 6 564 
 0.03277 18 1 565 
 0.03247 46 1 566 
 0.03245 39 3 567 
 0.03215 39 16 568 
 0.03212 42 39 569 
 0.03202 79 39 570 
 0.032 101 39 571 
 0.03192 91 39 572 
 0.03182 39 30 573 
 0.0318 40 39 574 
 0.03178 83 39 575 
 0.03177 58 39 576 
 0.03173 64 39 577 
 0.03172 69 39 578 
 0.0317 48 39 579 
 0.03168 39 36 580 
 0.03165 67 39 581 
 0.03164 100 39 582 
 0.03162 62 39 583 
 0.0316 39 15 584 
 0.03159 95 39 585 
 0.03157 94 39 586 
 0.03155 98 39 587 
 0.03152 41 39 588 
 0.03138 39 26 589 
 0.03134 39 9 590 
 0.03133 57 39 591 
 0.03131 43 39 592 
 0.03128 39 28 593 
 0.03123 39 25 594 
 0.0312 96 39 595 
 0.03089 39 19 596 
 0.03079 39 18 597 
 0.0307 60 51 598 
 0.03068 78 60 599 
 0.03067 99 60 600 
 0.03064 93 60 601 
 0.03062 80 60 602 
 0.03061 103 60 603 
 0.03059 46 39 604 
 0.03058 73 60 605 
 0.03056 88 60 606 
 0.03055 82 60 607 
 0.03051 81 60 608 
 0.03049 84 60 609 
 0.03036 97 60 610 
 0.03035 85 60 611 
 0.03032 60 2 612 
 0.03009 90 60 613 
 0.02981 87 60 614 
 0.02954 61 51 615 
 0.02952 99 61 616 
 0.0295 78 61 617 
 0.02946 93 61 618 
 0.02945 80 61 619 
 0.02944 103 61 620 
 0.02941 73 61 621 
 0.0294 88 61 622 
 0.02939 82 61 623 
 0.02935 81 61 624 
 0.02933 84 61 625 
 0.02922 97 61 626 
 0.0292 85 61 627 
 0.02918 61 2 628 
 0.02908 76 60 629 
 0.02906 86 60 630 
 0.02905 74 60 631 
 0.02898 90 61 632 
 0.02873 87 61 633 
 0.02844 65 60 634 
 0.02811 76 61 635 
 0.02806 86 61 636 
 0.02805 74 61 637 
 0.02802 60 1 638 
 0.02778 60 21 639 
 0.02776 60 14 640 
 0.02755 60 34 641 
 0.02752 65 61 642 
 0.02741 75 6 643 
 0.02739 97 6 644 
 0.02737 66 6 645 
 0.02736 51 6 646 
 0.02735 80 6 647 
 0.02732 102 60 648 
 0.02731 78 6 649 
 0.02729 103 6 650 
 0.02727 99 6 651 
 0.02726 88 6 652 
 0.02725 84 6 653 
 0.02718 81 6 654 
 0.02716 60 10 655 
 0.02715 85 6 656 
 0.02713 6 2 657 
 0.02712 61 1 658 
 0.02709 90 6 659 
 0.02696 60 16 660 
 0.02694 60 42 661 
 0.02693 60 29 662 
 0.02692 61 21 663 
 0.0269 61 14 664 
 0.02687 101 60 665 
 0.02686 79 60 666 
 0.02685 60 15 667 
 0.0268 91 60 668 
 0.02675 92 60 669 
 0.02674 60 33 670 
 0.02673 87 6 671 
 0.02672 83 60 672 
 0.02671 64 60 673 
 0.0267 60 7 674 
 0.02669 60 59 675 
 0.02668 60 56 676 
 0.02667 60 48 677 
 0.02666 60 53 678 
 0.02665 60 4 679 
 0.02664 67 60 680 
 0.02663 100 60 681 
 0.02662 72 60 682 
 0.02661 60 43 683 
 0.0266 95 60 684 
 0.02659 94 60 685 
 0.02658 98 60 686 
 0.02656 69 60 687 
 0.0265 102 61 688 
 0.02649 61 10 689 
 0.02648 60 26 690 
 0.02647 60 25 691 
 0.02646 60 9 692 
 0.02645 60 57 693 
 0.0264 60 28 694 
 0.02637 96 60 695 
 0.02634 60 18 696 
 0.0263 61 16 697 
 0.02627 61 29 698 
 0.02626 61 42 699 
 0.02624 61 12 700 
 0.02621 101 61 701 
 0.02619 86 6 702 
 0.02618 74 6 703 
 0.02614 76 6 704 
 0.02613 91 61 705 
 0.02611 61 33 706 
 0.02608 63 61 707 
 0.02607 61 40 708 
 0.02606 83 61 709 
 0.02605 64 61 710 
 0.02603 61 59 711 
 0.02602 61 56 712 
 0.02601 61 17 713 
 0.026 62 61 714 
 0.02599 92 61 715 
 0.02598 100 61 716 
 0.02597 72 61 717 
 0.02596 61 35 718 
 0.02595 95 61 719 
 0.02594 94 61 720 
 0.02593 98 61 721 
 0.02591 69 61 722 
 0.02586 61 25 723 
 0.02583 61 26 724 
 0.02582 61 9 725 
 0.02581 61 57 726 
 0.02576 61 28 727 
 0.02574 96 61 728 
 0.02573 61 18 729 
 0.02571 65 6 730 
 0.02562 60 39 731 
 0.02556 102 6 732 
 0.02555 92 6 733 
 0.02545 6 1 734 
 0.02534 61 46 735 
 0.02527 60 3 736 
 0.02515 14 6 737 
 0.02494 61 39 738 
 0.02462 61 3 739 
 0.02411 6 3 740 
 0.02406 7 6 741 
 0.02376 42 6 742 
 0.02375 16 6 743 
 0.02371 79 6 744 
 0.02369 101 6 745 
 0.02368 91 6 746 
 0.02365 31 6 747 
 0.02361 83 6 748 
 0.02359 63 6 749 
 0.02358 64 6 750 
 0.02357 53 6 751 
 0.02356 49 6 752 
 0.02355 100 6 753 
 0.02354 72 6 754 
 0.02353 95 6 755 
 0.02352 98 6 756 
 0.02349 69 6 757 
 0.02344 57 6 758 
 0.02342 9 6 759 
 0.02341 43 6 760 
 0.02339 28 6 761 
 0.02337 96 6 762 
 0.02324 19 6 763 
 0.0232 18 6 764 
 0.02319 46 6 765 
 0.02068 60 6 766 
 0.02031 61 6 767 
 