1.0 103 103 1 
 0.9898 100 98 2 
 0.98969 101 79 3 
 0.98958 63 33 4 
 0.98947 83 64 5 
 0.9798 98 96 6 
 0.97959 101 100 7 
 0.97938 62 53 8 
 0.97917 83 62 9 
 0.97895 83 42 10 
 0.9697 101 98 11 
 0.96939 67 40 12 
 0.96907 101 16 13 
 0.96875 64 42 14 
 0.96 98 91 15 
 0.9596 96 19 16 
 0.95918 100 64 17 
 0.95876 83 79 18 
 0.95 100 69 19 
 0.94949 101 33 20 
 0.94898 101 83 21 
 0.94059 98 69 22 
 0.94 101 48 23 
 0.93939 101 64 24 
 0.93548 61 60 25 
 0.93204 62 43 26 
 0.93137 96 18 27 
 0.93069 101 69 28 
 0.93 101 62 29 
 0.92233 43 40 30 
 0.92157 100 18 31 
 0.92079 101 35 32 
 0.92 83 69 33 
 0.91429 43 41 34 
 0.91262 98 18 35 
 0.91176 101 41 36 
 0.91089 69 64 37 
 0.90476 43 9 38 
 0.90385 64 43 39 
 0.90291 101 18 40 
 0.90196 69 62 41 
 0.90099 69 42 42 
 0.89623 95 43 43 
 0.89524 57 43 44 
 0.89423 43 42 45 
 0.8932 69 35 46 
 0.88679 100 43 47 
 0.88462 69 41 48 
 0.8785 98 43 49 
 0.87736 79 43 50 
 0.87619 69 18 51 
 0.87037 43 18 52 
 0.86916 101 43 53 
 0.86111 91 43 54 
 0.85542 102 92 55 
 0.84404 69 43 56 
 0.8 87 86 57 
 0.7913 57 46 58 
 0.78947 83 46 59 
 0.78448 46 35 60 
 0.78261 64 46 61 
 0.77778 46 36 62 
 0.77586 62 46 63 
 0.77391 46 42 64 
 0.77119 46 18 65 
 0.76923 100 46 66 
 0.76271 98 46 67 
 0.76068 79 46 68 
 0.75424 101 46 69 
 0.75 84 82 70 
 0.73171 46 43 71 
 0.69307 102 72 72 
 0.69 102 79 73 
 0.68317 102 101 74 
 0.67647 102 98 75 
 0.67 102 42 76 
 0.66667 99 93 77 
 0.66337 102 31 78 
 0.65741 92 72 79 
 0.65421 92 79 80 
 0.65385 34 21 81 
 0.65347 102 83 82 
 0.65049 102 35 83 
 0.64815 101 92 84 
 0.64706 102 64 85 
 0.64423 102 36 86 
 0.6422 98 92 87 
 0.64078 102 62 88 
 0.63551 92 42 89 
 0.63462 102 48 90 
 0.62963 92 31 91 
 0.62857 102 41 92 
 0.62651 102 21 93 
 0.62264 102 18 94 
 0.62037 92 83 95 
 0.61818 92 35 96 
 0.61538 87 81 97 
 0.61468 92 64 98 
 0.61261 92 36 99 
 0.61111 86 74 100 
 0.60909 92 62 101 
 0.6036 92 48 102 
 0.6 102 43 103 
 0.59821 92 41 104 
 0.59292 92 18 105 
 0.5914 92 34 106 
 0.5913 102 46 107 
 0.58333 81 2 108 
 0.57265 92 43 109 
 0.57143 92 21 110 
 0.56557 92 46 111 
 0.54545 84 81 112 
 0.52427 54 21 113 
 0.52381 87 1 114 
 0.52174 86 76 115 
 0.52 76 65 116 
 0.51456 83 21 117 
 0.50962 64 21 118 
 0.50476 79 21 119 
 0.5 101 21 120 
 0.49541 34 30 121 
 0.49533 98 21 122 
 0.49091 35 34 123 
 0.49074 83 34 124 
 0.48649 36 34 125 
 0.48624 64 34 126 
 0.48214 92 3 127 
 0.48182 79 34 128 
 0.48148 69 21 129 
 0.47826 74 1 130 
 0.47748 101 34 131 
 0.47321 98 34 132 
 0.47059 88 51 133 
 0.46903 34 18 134 
 0.46667 87 2 135 
 0.46281 46 34 136 
 0.45455 103 93 137 
 0.45299 43 34 138 
 0.44444 87 74 139 
 0.43333 46 21 140 
 0.42857 87 84 141 
 0.42718 21 3 142 
 0.42342 102 3 143 
 0.40741 34 3 144 
 0.4 93 88 145 
 0.39535 31 3 146 
 0.3913 87 76 147 
 0.38889 99 88 148 
 0.3876 83 3 149 
 0.38636 91 3 150 
 0.38462 64 3 151 
 0.38168 79 3 152 
 0.37879 101 3 153 
 0.37594 98 3 154 
 0.375 99 2 155 
 0.37313 18 3 156 
 0.37226 43 3 157 
 0.36364 87 65 158 
 0.35294 97 93 159 
 0.35 99 97 160 
 0.34483 46 3 161 
 0.33333 103 99 162 
 0.31818 81 1 163 
 0.31579 97 2 164 
 0.3125 103 88 165 
 0.30435 77 65 166 
 0.3 82 1 167 
 0.29412 99 85 168 
 0.28571 103 2 169 
 0.27778 103 97 170 
 0.27273 93 82 171 
 0.26316 99 90 172 
 0.26087 81 76 173 
 0.25 103 90 174 
 0.23529 99 81 175 
 0.23077 99 1 176 
 0.22222 90 2 177 
 0.21739 97 88 178 
 0.21429 93 81 179 
 0.21053 88 2 180 
 0.2069 97 1 181 
 0.20652 14 3 182 
 0.2 99 87 183 
 0.1875 85 81 184 
 0.18519 77 1 185 
 0.18182 34 6 186 
 0.17647 103 51 187 
 0.17391 99 86 188 
 0.16667 103 1 189 
 0.15789 102 97 190 
 0.15152 69 39 191 
 0.15 97 84 192 
 0.14865 102 99 193 
 0.14667 102 88 194 
 0.14615 40 39 195 
 0.14504 39 30 196 
 0.14394 39 9 197 
 0.14286 97 92 198 
 0.14151 39 34 199 
 0.14141 98 97 200 
 0.13913 92 6 201 
 0.13846 83 39 202 
 0.13793 88 1 203 
 0.13768 43 39 204 
 0.1374 64 39 205 
 0.13636 97 85 206 
 0.13534 101 39 207 
 0.13445 92 39 208 
 0.13433 98 39 209 
 0.13415 99 92 210 
 0.13393 102 39 211 
 0.13333 80 74 212 
 0.13265 97 79 213 
 0.13253 92 88 214 
 0.13174 61 33 215 
 0.13131 101 97 216 
 0.13043 84 65 217 
 0.13018 61 25 218 
 0.13 97 96 219 
 0.12963 60 33 220 
 0.12903 81 14 221 
 0.12844 102 6 222 
 0.12805 60 25 223 
 0.12651 61 16 224 
 0.12644 61 43 225 
 0.12621 39 21 226 
 0.12575 63 61 227 
 0.125 99 79 228 
 0.12426 101 61 229 
 0.12422 60 16 230 
 0.12371 101 99 231 
 0.12353 67 61 232 
 0.12346 63 60 233 
 0.12329 46 39 234 
 0.12281 61 18 235 
 0.1227 60 7 236 
 0.12245 99 98 237 
 0.12195 101 60 238 
 0.12121 91 88 239 
 0.12097 39 3 240 
 0.12069 97 6 241 
 0.12048 60 18 242 
 0.12 84 76 243 
 0.11976 83 61 244 
 0.11905 64 61 245 
 0.11834 79 61 246 
 0.11765 100 61 247 
 0.11728 83 60 248 
 0.11696 98 61 249 
 0.11656 64 60 250 
 0.11585 79 60 251 
 0.11515 100 60 252 
 0.11446 98 60 253 
 0.11224 88 79 254 
 0.11111 103 77 255 
 0.11 98 88 256 
 0.10929 61 46 257 
 0.10891 97 35 258 
 0.10784 97 36 259 
 0.10714 92 51 260 
 0.10674 60 46 261 
 0.10448 99 21 262 
 0.1039 102 51 263 
 0.10204 79 51 264 
 0.10101 101 51 265 
 0.1 98 51 266 
 0.09901 97 62 267 
 0.09804 97 48 268 
 0.09709 97 41 269 
 0.09677 93 14 270 
 0.09649 97 46 271 
 0.09615 97 18 272 
 0.09524 88 85 273 
 0.09459 103 102 274 
 0.09278 99 83 275 
 0.09259 97 43 276 
 0.09184 99 64 277 
 0.09091 99 77 278 
 0.09023 31 6 279 
 0.09 99 48 280 
 0.08989 99 3 281 
 0.08974 102 90 282 
 0.08955 7 6 283 
 0.08929 51 46 284 
 0.08911 99 41 285 
 0.08889 88 3 286 
 0.08871 6 3 287 
 0.08844 46 6 288 
 0.08824 99 18 289 
 0.08738 88 18 290 
 0.08696 88 87 291 
 0.08571 87 14 292 
 0.08537 103 92 293 
 0.08491 99 43 294 
 0.08403 43 14 295 
 0.08333 93 79 296 
 0.08271 83 6 297 
 0.08247 101 93 298 
 0.08219 99 34 299 
 0.08209 64 6 300 
 0.08197 77 39 301 
 0.08163 98 93 302 
 0.08148 79 6 303 
 0.0814 102 76 304 
 0.08108 102 78 305 
 0.08088 101 6 306 
 0.08081 88 83 307 
 0.08065 88 39 308 
 0.08036 64 14 309 
 0.08029 98 6 310 
 0.08 97 77 311 
 0.07971 18 6 312 
 0.07965 99 46 313 
 0.07921 101 90 314 
 0.07895 101 14 315 
 0.07843 98 90 316 
 0.07826 98 14 317 
 0.07812 78 21 318 
 0.07767 88 41 319 
 0.07759 18 14 320 
 0.07746 43 6 321 
 0.07692 103 82 322 
 0.07477 76 63 323 
 0.07463 85 21 324 
 0.07447 92 76 325 
 0.07407 92 61 326 
 0.07383 102 60 327 
 0.07339 101 76 328 
 0.07317 92 78 329 
 0.07273 98 76 330 
 0.07246 78 34 331 
 0.07216 103 79 332 
 0.07143 103 101 333 
 0.07097 102 61 334 
 0.07087 46 14 335 
 0.07071 103 98 336 
 0.07018 66 39 337 
 0.07006 92 60 338 
 0.07 92 14 339 
 0.06977 78 3 340 
 0.06944 97 21 341 
 0.06931 77 33 342 
 0.06897 51 6 343 
 0.06818 60 39 344 
 0.06796 90 69 345 
 0.06757 51 34 346 
 0.06667 103 84 347 
 0.06542 83 76 348 
 0.06522 61 39 349 
 0.06494 97 34 350 
 0.06481 76 64 351 
 0.06452 102 14 352 
 0.06422 76 62 353 
 0.0641 102 85 354 
 0.06364 76 48 355 
 0.06316 83 78 356 
 0.06306 76 41 357 
 0.0625 103 81 358 
 0.06186 79 78 359 
 0.06154 97 39 360 
 0.06122 101 78 361 
 0.06098 76 34 362 
 0.06061 98 78 363 
 0.06034 76 43 364 
 0.06 85 79 365 
 0.05941 101 85 366 
 0.05882 103 85 367 
 0.05825 101 77 368 
 0.05814 92 85 369 
 0.05797 73 34 370 
 0.05769 98 77 371 
 0.05747 66 3 372 
 0.05714 90 21 373 
 0.05691 76 46 374 
 0.05682 102 1 375 
 0.05607 85 43 376 
 0.05556 99 66 377 
 0.05505 77 43 378 
 0.05455 79 1 379 
 0.05405 101 1 380 
 0.05357 98 1 381 
 0.05333 90 34 382 
 0.05319 99 60 383 
 0.0531 61 14 384 
 0.05263 103 87 385 
 0.05208 92 1 386 
 0.05172 78 39 387 
 0.05155 93 83 388 
 0.05128 102 81 389 
 0.05102 93 64 390 
 0.05085 103 39 391 
 0.05051 103 56 392 
 0.05 99 61 393 
 0.0495 103 24 394 
 0.0493 60 21 395 
 0.04918 85 39 396 
 0.04902 98 81 397 
 0.04878 60 3 398 
 0.04854 90 62 399 
 0.04808 90 48 400 
 0.04762 103 74 401 
 0.0473 61 21 402 
 0.04717 93 43 403 
 0.04706 61 3 404 
 0.04673 81 43 405 
 0.04651 92 81 406 
 0.0463 65 59 407 
 0.04615 73 21 408 
 0.04598 73 3 409 
 0.04587 65 5 410 
 0.04575 61 34 411 
 0.04545 103 86 412 
 0.04505 69 65 413 
 0.04494 84 3 414 
 0.04478 93 21 415 
 0.04444 81 3 416 
 0.04425 93 46 417 
 0.04412 81 21 418 
 0.04386 81 46 419 
 0.04348 90 87 420 
 0.04301 90 3 421 
 0.04225 87 21 422 
 0.04167 93 34 423 
 0.04124 73 64 424 
 0.0411 81 34 425 
 0.04082 103 83 426 
 0.04054 86 21 427 
 0.0404 103 64 428 
 0.04 103 62 429 
 0.0396 103 48 430 
 0.03947 102 73 431 
 0.03922 103 41 432 
 0.03896 65 21 433 
 0.03883 103 18 434 
 0.03846 102 84 435 
 0.0381 101 87 436 
 0.03797 86 34 437 
 0.03788 60 6 438 
 0.03774 98 87 439 
 0.03738 103 43 440 
 0.03704 103 76 441 
 0.0367 98 86 442 
 0.03659 102 87 443 
 0.03636 86 18 444 
 0.03623 61 6 445 
 0.03604 101 65 446 
 0.03571 103 6 447 
 0.0354 65 18 448 
 0.03529 102 86 449 
 0.03509 103 46 450 
 0.03488 92 84 451 
 0.03448 85 6 452 
 0.03419 65 43 453 
 0.03409 102 65 454 
 0.0339 90 46 455 
 0.03333 103 3 456 
 0.03306 86 46 457 
 0.03279 81 39 458 
 0.03261 103 60 459 
 0.03226 92 86 460 
 0.03175 80 21 461 
 0.03125 92 65 462 
 0.03093 83 82 463 
 0.03061 103 61 464 
 0.0303 97 60 465 
 0.03 101 82 466 
 0.02985 86 39 467 
 0.0297 98 82 468 
 0.02941 103 21 469 
 0.02913 80 43 470 
 0.02885 48 2 471 
 0.02857 97 61 472 
 0.0283 82 43 473 
 0.02817 82 34 474 
 0.02804 79 74 475 
 0.02778 101 74 476 
 0.02752 98 74 477 
 0.0274 103 34 478 
 0.02727 74 18 479 
 0.02703 102 80 480 
 0.02679 64 1 481 
 0.02667 34 2 482 
 0.02655 82 46 483 
 0.02632 74 43 484 
 0.02609 41 1 485 
 0.02597 102 82 486 
 0.02586 18 1 487 
 0.02564 46 2 488 
 0.02532 74 34 489 
 0.025 43 1 490 
 0.02479 74 46 491 
 0.02439 92 80 492 
 0.02362 46 1 493 
 0.02353 92 82 494 
 0.02326 80 3 495 
 0.02174 78 60 496 
 0.02105 85 60 497 
 0.02083 80 64 498 
 0.02062 90 60 499 
 0.02041 101 80 500 
 0.0202 98 80 501 
 0.02 86 60 502 
 0.0198 85 61 503 
 0.01942 90 61 504 
 0.01887 86 61 505 
 0.01835 65 61 506 
 0.01818 82 6 507 
 0.01802 80 46 508 
 0.01786 66 6 509 
 0.01754 84 6 510 
 0.01724 81 6 511 
 0.01695 82 39 512 
 0.01639 87 6 513 
 0.01613 75 21 514 
 0.01587 39 2 515 
 0.01562 86 6 516 
 0.01493 75 34 517 
 0.01449 76 6 518 
 0.01408 65 39 519 
 0.0137 102 75 520 
 0.01235 92 75 521 
 0.01176 75 3 522 
 0.01087 82 60 523 
 0.01064 84 60 524 
 0.01053 75 64 525 
 0.01042 79 75 526 
 0.01031 101 75 527 
 0.0102 98 75 528 
 0.0101 75 18 529 
 0.01 84 61 530 
 0.0098 61 2 531 
 0.00971 75 43 532 
 0.00943 74 61 533 
 0.00909 75 46 534 
 0.00893 61 1 535 
 0.0 103 80 536 
 